PassengerId,probability
892,0.06514273956418037
893,0.5081382274627686
894,0.07123710960149765
895,0.08626528084278107
896,0.9076614141464233
897,0.09668692499399185
898,0.7877618193626403
899,0.12847962379455566
900,0.7875133037567139
901,0.07145426496863365
902,0.07456782311201096
903,0.2571872591972351
904,0.9852717638015747
905,0.0623913086950779
906,0.9733601570129394
907,0.8865997195243835
908,0.10611129701137542
909,0.09274425357580185
910,0.21675178706645964
911,0.5784060835838318
912,0.202579528093338
913,0.7318697094917297
914,0.957827889919281
915,0.19845589697360994
916,0.9749184608459472
917,0.023740480095148085
918,0.959529972076416
919,0.08863987624645234
920,0.33771794438362124
921,0.05592814460396767
922,0.08725935444235802
923,0.09170519560575485
924,0.8519382119178772
925,0.1426812194287777
926,0.3417260229587555
927,0.09906697571277619
928,0.6580617785453796
929,0.2567890673875809
930,0.08350289613008499
931,0.42762991786003113
932,0.08860128074884414
933,0.43377829194068906
934,0.08715167790651321
935,0.9119080066680908
936,0.9865646243095398
937,0.23221707493066787
938,0.2857161045074463
939,0.07762278616428375
940,0.9915387272834778
941,0.9245837092399597
942,0.3125834822654724
943,0.13093112409114838
944,0.9650365352630615
945,0.9518487691879273
946,0.12326524555683135
947,0.015047809295356273
948,0.060816194862127304
949,0.1023524522781372
950,0.0998072937130928
951,0.9903183579444885
952,0.09055977612733841
953,0.10949211418628693
954,0.08662630021572112
955,0.6483422756195069
956,0.9403685331344604
957,0.8910322427749634
958,0.8743617415428162
959,0.14521002769470215
960,0.3914592981338501
961,0.9439038753509521
962,0.6084348678588867
963,0.0814999833703041
964,0.5269635856151581
965,0.5087440013885498
966,0.9398620843887329
967,0.23808873295783997
968,0.07546638697385788
969,0.9429946184158325
970,0.11172057688236237
971,0.6084348678588867
972,0.09115286469459534
973,0.17634199559688568
974,0.2434678256511688
975,0.07456782311201096
976,0.11688699573278427
977,0.07036553621292115
978,0.5790200352668762
979,0.6555575132369995
980,0.7155070424079895
981,0.9755436539649963
982,0.7009034514427185
983,0.07530159652233123
984,0.9686782121658325
985,0.07546638697385788
986,0.3729980826377869
987,0.07760365903377534
988,0.9520218253135682
989,0.24343021661043168
990,0.6210535168647766
991,0.0772630289196968
992,0.9700862526893616
993,0.13192727714776992
994,0.07762278616428375
995,0.07928680777549743
996,0.9305824995040893
997,0.07011278793215751
998,0.09071584790945053
999,0.07081238627433777
1000,0.07851523607969284
1001,0.18209535777568817
1002,0.10920604318380356
1003,0.7148205518722535
1004,0.9442858934402466
1005,0.6824225664138794
1006,0.9167999863624573
1007,0.06090148389339447
1008,0.10490568354725838
1009,0.9749315261840821
1010,0.3343589067459106
1011,0.8596193313598632
1012,0.9663344264030457
1013,0.06462990790605545
1014,0.9770899415016174
1015,0.07656490951776504
1016,0.07762278616428375
1017,0.5274581253528595
1018,0.0809132069349289
1019,0.9118321657180786
1020,0.09837565124034882
1021,0.07969642281532288
1022,0.07791210412979126
1023,0.39142451286315916
1024,0.020210360735654832
1025,0.07349374741315842
1026,0.06130937486886978
1027,0.06814517974853515
1028,0.0867787092924118
1029,0.11077888906002045
1030,0.5532628953456878
1031,0.014326962828636169
1032,0.024096293188631535
1033,0.9597158789634704
1034,0.24478696584701537
1035,0.0795404277741909
1036,0.2828815281391144
1037,0.027046345453709365
1038,0.3117286264896393
1039,0.0812428668141365
1040,0.292365962266922
1041,0.06854417100548744
1042,0.99034423828125
1043,0.08130211383104324
1044,0.04982201009988785
1045,0.5409064710140228
1046,0.7687758803367615
1047,0.07930315732955932
1048,0.9435606837272644
1049,0.58216313123703
1050,0.4304812550544739
1051,0.6507759094238281
1052,0.7119241833686829
1053,0.9472051739692688
1054,0.8307409763336182
1055,0.07390152215957642
1056,0.08836038261651993
1057,0.9016516327857971
1058,0.2801871240139008
1059,0.01314527541399002
1060,0.965938675403595
1061,0.578699815273285
1062,0.07418204694986344
1063,0.0839251697063446
1064,0.06960488706827164
1065,0.079909747838974
1066,0.19209118485450744
1067,0.9475841999053956
1068,0.9460395336151123
1069,0.24360043406486512
1070,0.9747230887413025
1071,0.9867111563682556
1072,0.11172057688236237
1073,0.5105004787445069
1074,0.9834346890449523
1075,0.07762278616428375
1076,0.9813780665397644
1077,0.10274347215890885
1078,0.8564360737800598
1079,0.09306723326444626
1080,0.02123105973005295
1081,0.09645639210939408
1082,0.09556430578231812
1083,0.2881368637084961
1084,0.7295199751853942
1085,0.07566423565149308
1086,0.9578731536865235
1087,0.06374872103333473
1088,0.9798429012298584
1089,0.8401080727577209
1090,0.10154912769794464
1091,0.650696051120758
1092,0.633281147480011
1093,0.2584030494093895
1094,0.49426003694534304
1095,0.9885701417922974
1096,0.09933948516845703
1097,0.2622915804386139
1098,0.7460496664047241
1099,0.1026478037238121
1100,0.9473434686660767
1101,0.07776823192834854
1102,0.06772642731666564
1103,0.07289811223745346
1104,0.09499240815639495
1105,0.7730432271957397
1106,0.4134928897023201
1107,0.3235491573810577
1108,0.7154311418533326
1109,0.20497975051403045
1110,0.943123710155487
1111,0.07546638697385788
1112,0.9248171329498291
1113,0.08242871910333634
1114,0.8895235776901245
1115,0.06875182688236237
1116,0.9457648515701294
1117,0.9413681983947754
1118,0.10703280121088028
1119,0.7155070424079895
1120,0.05918646305799484
1121,0.11989032924175262
1122,0.21273263394832612
1123,0.9560327887535095
1124,0.06544675752520561
1125,0.07800655961036682
1126,0.3676669478416443
1127,0.08273297250270843
1128,0.32888768911361693
1129,0.09526037573814392
1130,0.8913405418395997
1131,0.9618030786514282
1132,0.9547984361648559
1133,0.9403870344161988
1134,0.42436409592628477
1135,0.07375109493732453
1136,0.19561584889888764
1137,0.43827887773513796
1138,0.9178955435752869
1139,0.0799973577260971
1140,0.8619394659996032
1141,0.6383086085319519
1142,0.9885751247406006
1143,0.0850202426314354
1144,0.3617221713066101
1145,0.08287333250045777
1146,0.08188684582710266
1147,0.07399475574493408
1148,0.08010783791542053
1149,0.08077745586633682
1150,0.8776470065116883
1151,0.08151921778917312
1152,0.09054158180952072
1153,0.08114446848630905
1154,0.9607616186141967
1155,0.8471556782722474
1156,0.11050626039505004
1157,0.07456782311201096
1158,0.08759630769491196
1159,0.10040168538689613
1160,0.6712562680244446
1161,0.09115461111068726
1162,0.28047155737876894
1163,0.0704881101846695
1164,0.9802830934524536
1165,0.5892838954925537
1166,0.07925277203321457
1167,0.8197184443473816
1168,0.10532957464456558
1169,0.08664604276418686
1170,0.08413418531417846
1171,0.0974412202835083
1172,0.22347256988286973
1173,0.9055287480354309
1174,0.8812120676040649
1175,0.9235051155090332
1176,0.19034919813275336
1177,0.062227167189121246
1178,0.07284892126917838
1179,0.3783050537109375
1180,0.10221248716115952
1181,0.06952286958694458
1182,0.22471458613872528
1183,0.5797910332679749
1184,0.079909747838974
1185,0.420670086145401
1186,0.0753555029630661
1187,0.078421089053154
1188,0.9880396723747253
1189,0.05592814460396767
1190,0.34829707741737365
1191,0.06943532824516296
1192,0.03978465143591166
1193,0.3243517756462097
1194,0.08482497408986092
1195,0.0809761941432953
1196,0.6570899844169616
1197,0.9589790463447571
1198,0.3243336692452431
1199,0.9635364055633545
1200,0.2977749824523926
1201,0.41426193714141846
1202,0.050714803859591484
1203,0.09121798723936081
1204,0.0750165581703186
1205,0.6869781613349915
1206,0.9841935515403748
1207,0.709802782535553
1208,0.2964875936508179
1209,0.11890325397253036
1210,0.11356589347124099
1211,0.09729628711938858
1212,0.06966575682163238
1213,0.10458827167749404
1214,0.16157886385917664
1215,0.3457589626312256
1216,0.9902031421661377
1217,0.07904590889811516
1218,0.981551468372345
1219,0.22340253591537476
1220,0.10804100781679153
1221,0.11341713517904281
1222,0.9289573907852173
1223,0.321948766708374
1224,0.10795844346284866
1225,0.9673414587974548
1226,0.07050911188125611
1227,0.37980546355247496
1228,0.10729106515645981
1229,0.053429626673460004
1230,0.09834287464618682
1231,0.8358901143074036
1232,0.12126303166151046
1233,0.07323002219200134
1234,0.017690182104706763
1235,0.9876358151435852
1236,0.8167175769805908
1237,0.6892956018447876
1238,0.11077888906002045
1239,0.6296496272087098
1240,0.11158866435289383
1241,0.9313553452491761
1242,0.9834348440170289
1243,0.10798754841089249
1244,0.09407548382878303
1245,0.09346700757741928
1246,0.9263625979423523
1247,0.3888722896575928
1248,0.9818518280982971
1249,0.07423343509435654
1250,0.07762278616428375
1251,0.5548485815525055
1252,0.022420713678002357
1253,0.9518009901046753
1254,0.9035747408866882
1255,0.08626528084278107
1256,0.9918674111366272
1257,0.038556961715221404
1258,0.029478624742478133
1259,0.17526229619979858
1260,0.9722505331039428
1261,0.12481561005115509
1262,0.1017306089401245
1263,0.9952596187591553
1264,0.08991699367761612
1265,0.09466712474822998
1266,0.9861831307411194
1267,0.9814527273178101
1268,0.5083876073360443
1269,0.11030952781438827
1270,0.2621960133314133
1271,0.8200452923774719
1272,0.06812148839235306
1273,0.0824446752667427
1274,0.544982498884201
1275,0.6194619417190552
1276,0.1125691920518875
1277,0.9710651397705078
1278,0.07832242101430893
1279,0.07594564855098725
1280,0.04821478594094515
1281,0.01755787283182144
1282,0.46425931453704833
1283,0.9862924456596375
1284,0.8704180955886841
1285,0.07842050939798355
1286,0.10302766561508178
1287,0.9715950727462769
1288,0.08212987184524537
1289,0.9745788931846618
1290,0.08064573854207993
1291,0.07676685899496079
1292,0.9878159165382385
1293,0.056250552833080295
1294,0.968529462814331
1295,0.24141757190227509
1296,0.3489669919013977
1297,0.32956442832946775
1298,0.10328841358423232
1299,0.18433126509189607
1300,0.7155651688575745
1301,0.8541217088699341
1302,0.7155070424079895
1303,0.9870185256004333
1304,0.539937698841095
1305,0.0779344156384468
1306,0.9808903455734252
1307,0.06345018595457078
1308,0.07546638697385788
1309,0.9726539731025696
